% Copy data from text file
data =[1.113499715481872446e-02 5.000000000000004547e+03
1.060739158454339012e-02 4.917887647211541662e+03
9.968249545734853348e-03 4.801602473724548872e+03
9.367618628394448754e-03 4.670522006498558767e+03
9.049661748540480111e-03 4.591771882006602027e+03
8.803178367920124966e-03 4.527368354325332803e+03
8.272748117917260932e-03 4.371753820946167252e+03
7.826993172804254384e-03 4.216873803277287152e+03
7.774278625536144502e-03 4.197058847721297752e+03
7.305844114432467548e-03 4.007321483032990727e+03
7.016623482519154451e-03 3.872584511971777374e+03
6.865634844764342479e-03 3.795097064143923490e+03
6.451950121482159968e-03 3.559184595877538413e+03
6.447373079779548585e-03 3.556404934553249859e+03
6.063191723899860087e-03 3.295833947071215334e+03
6.022388899573972651e-03 3.266040035902226009e+03
5.698636162102734860e-03 2.999382160472735450e+03
5.697857731163399539e-03 2.998662743373474314e+03
5.441561896523266356e-03 2.754495733570181983e+03
5.354536719761937569e-03 2.659629990580469439e+03
5.237096420063615948e-03 2.529603211702939461e+03
5.072216272535562745e-03 2.323072180026230853e+03
5.031902310664547462e-03 2.267272406927948850e+03
4.934601744749431661e-03 2.133403503223243206e+03
4.823872418033117553e-03 1.959220443814972214e+03
4.747196861222700327e-03 1.799258668912415487e+03
4.728708045015878915e-03 1.734338876891151131e+03
4.704357140893176623e-03 1.652357072873731340e+03
4.696503378398676418e-03 1.517449349251265403e+03
4.723329235455774738e-03 1.393556250852234143e+03
4.728708045015878915e-03 1.383306147404448211e+03
4.780921887890546285e-03 1.279778481731565762e+03
4.870975448952947345e-03 1.175290169522419546e+03
4.996162928745288313e-03 1.079332870722362941e+03
5.031902310664547462e-03 1.059287173933967097e+03
5.153014352863735659e-03 9.912100654216826570e+02
5.351194212488868604e-03 9.102821015130406295e+02
5.354536719761937569e-03 9.092003791035594986e+02
5.585993447322049228e-03 8.359615516842910665e+02
5.697857731163399539e-03 8.078893807200867059e+02
5.863314949836285692e-03 7.677089494925074860e+02
6.063191723899860087e-03 7.278085207823367000e+02
6.182129453658383178e-03 7.050288735689038049e+02
6.451950121482160835e-03 6.614891198787589701e+02
6.543209844538971226e-03 6.474663515312954587e+02
6.865634844764341611e-03 6.049826301049268977e+02
6.948933143813178399e-03 5.946035575013611378e+02
7.305844114432467548e-03 5.559401229515801788e+02
7.402914190873671058e-03 5.460567792551686352e+02
7.774278625536144502e-03 5.127479409333728881e+02
7.908648758397758549e-03 5.014736329925933660e+02
8.272748117917260932e-03 4.742706228148742298e+02
8.470020656033503542e-03 4.605305055086178072e+02
8.803178367920124966e-03 4.397041771916983066e+02
9.092068260698089877e-03 4.229302052001511925e+02
9.367618628394448754e-03 4.084993963499535425e+02
9.784070712560089672e-03 3.883998048578670250e+02
9.968249545734853348e-03 3.803484731494450557e+02
1.056148155675720561e-02 3.566886605846406724e+02
1.060739158454339012e-02 3.550128902675440372e+02
1.128751399246268050e-02 3.319660010890366379e+02
1.143000734759077978e-02 3.275665924606299768e+02
1.201124433981431115e-02 3.109125262114616817e+02
1.240140672665997722e-02 3.008222137490870409e+02
1.278137867089766157e-02 2.916053604282944320e+02
1.347976951765825909e-02 2.762613965152073092e+02
1.360089230616743326e-02 2.737528972419888760e+02
1.447295133702291084e-02 2.569923863326321793e+02
1.465870195454864466e-02 2.537058625204811619e+02
1.540092485761755670e-02 2.413342936145597832e+02
1.595852314090879381e-02 2.329918891643553991e+02
1.638839798094504988e-02 2.268282077251965063e+02
1.739242301729479814e-02 2.139691210800969827e+02
1.743918568948799042e-02 2.133809665762602208e+02
1.855734757393931109e-02 2.002699347311555869e+02
1.891397375918384832e-02 1.964994787586511507e+02
1.974720351693796255e-02 1.875935499228644403e+02
2.048347777359027164e-02 1.804561562785853823e+02
2.101335038241074898e-02 1.750959026908338956e+02
2.201859095058367535e-02 1.657227008669993609e+02
2.236067977499789708e-02 1.622883602004028489e+02
2.343079276208233364e-02 1.521921676102557797e+02
2.379439693817345103e-02 1.484674600050992126e+02
2.468103537451223767e-02 1.397663431788815558e+02
2.532004086407122281e-02 1.329448905513326622e+02
2.576062557867966549e-02 1.283550329319346019e+02
2.666366447087634844e-02 1.178754062261776312e+02
2.694350569270829304e-02 1.141864400653073233e+02
2.739015064800157800e-02 1.082513951778937127e+02
2.797734892244660779e-02 9.941314251316740069e+01
2.851308300858931138e-02 9.129649449877540235e+01
2.867106348327896209e-02 8.912091553181733161e+01
2.904466112819252196e-02 8.384253527304943532e+01
2.964170253988557269e-02 7.699715919658696350e+01
3.036190595743993095e-02 7.071067811865478347e+01
3.050938844549386242e-02 6.969974208623686707e+01
3.119956940852137636e-02 6.493746070857164909e+01
3.220376832836096409e-02 5.963560123410554326e+01
3.246558272457850114e-02 5.851415273378381698e+01
3.334864930617240791e-02 5.476661538266478857e+01
3.454720383954873464e-02 5.074853756629756418e+01
3.468472991159280566e-02 5.029516091735803940e+01
3.618613867358051045e-02 4.618878114026438197e+01
3.676229388076775878e-02 4.489176878220258260e+01
3.789626311165148614e-02 4.241766930080453335e+01
3.911941057958532447e-02 4.019398449791415828e+01
3.982760195140359200e-02 3.895445223913776545e+01
4.162766037009365400e-02 3.628443097039566823e+01
4.198727923324834660e-02 3.577399169412836955e+01
4.429673357072946155e-02 3.296066196703063156e+01
4.438942351509378437e-02 3.285320183364724755e+01
4.704915967928554460e-02 3.017088168272582394e+01
4.713694182164230445e-02 3.009315103559242388e+01
4.999647274207770498e-02 2.770756123321768527e+01
5.015925792246408305e-02 2.758743764949453947e+01
5.325439682952749776e-02 2.544536011793300290e+01
5.337535822438758265e-02 2.537056752890520173e+01
5.679766774033137566e-02 2.339140082593056391e+01
5.684108339556299266e-02 2.336785782341138429e+01
6.043940814746812801e-02 2.161099891080876034e+01
6.077208384607632463e-02 2.145997449925367206e+01
6.431464886756850519e-02 2.000236937141983162e+01
6.508692781854361065e-02 1.970786149885032401e+01
6.843836142250359078e-02 1.854256785040736233e+01
6.981909541405259545e-02 1.809880085698027585e+01
7.282647727490117184e-02 1.721239663854778712e+01
7.500227716320281846e-02 1.662111297462379156e+01
7.749594937741685619e-02 1.599670785973373910e+01
8.067799124672975219e-02 1.526407184090652080e+01
8.246481766840763061e-02 1.488354877459725500e+01
8.689781947950755980e-02 1.401782717680065815e+01
8.775227876704272401e-02 1.386294394036735689e+01
9.337876013711039758e-02 1.292304806394712635e+01
9.369779858616147927e-02 1.287333293545223967e+01
9.936599900604320412e-02 1.205030162229312829e+01
1.010845096047823660e-01 1.182228164014381733e+01
1.057371263440564091e-01 1.124482575437631127e+01
1.091606854061704795e-01 1.085704408327504389e+01
1.125167562278419076e-01 1.050031339194422664e+01
1.179851795808632697e-01 9.970613948657694792e+00
1.197310809340644683e-01 9.811489563201391206e+00
1.274079721300408197e-01 9.172589977609527878e+00
1.276136761326192581e-01 9.156556955157840960e+00
1.355770885525422187e-01 8.571181286721770931e+00
1.380046981164375908e-01 8.408964152537146575e+00
1.442699905907213476e-01 8.013398274738147364e+00
1.493443655890741018e-01 7.722409030484305603e+00
1.535202622158428343e-01 7.495988487628699737e+00
1.617328370358071810e-01 7.091908129506334646e+00
1.633636407288776571e-01 7.016010180240789929e+00
1.738381548272245058e-01 6.566915051130300718e+00
1.752014123233581744e-01 6.512884867768240937e+00
1.849842715239644053e-01 6.145974343292825992e+00
1.898382453330632047e-01 5.981136321312896520e+00
1.968450524872505381e-01 5.755860874068680744e+00
2.058906802457288743e-01 5.492802716530589713e+00
2.094663204038332560e-01 5.394277115050725158e+00
2.228968360094455148e-01 5.058038440251637624e+00
2.234822359667121283e-01 5.044339413434925312e+00
