% Copy data from text file
data =[1.000000000000000021e-03 2.989943104471260540e+02
1.064117780747373277e-03 3.028043609914707872e+02
1.132346651302714889e-03 3.036953789330215159e+02
1.204950205620965989e-03 3.027533865072470007e+02
1.282208938716473436e-03 3.010792207489541283e+02
1.364421330321418432e-03 2.996752394290741677e+02
1.451904998026006845e-03 2.984315980020490429e+02
1.544997924355453502e-03 2.969720866228508385e+02
1.644059762524425128e-03 2.953286928415792545e+02
1.749473225913544903e-03 2.936300685724249888e+02
1.861645566636069326e-03 2.917923537056241798e+02
1.964157975276759321e-03 2.899649879880172989e+02
1.981010148906960176e-03 2.896789932427920462e+02
2.108028123292898098e-03 2.874557191553724351e+02
2.243190208311491261e-03 2.853308077243971752e+02
2.387018586262662414e-03 2.831263550179087360e+02
2.540068920616556872e-03 2.807010071015757262e+02
2.702932502751866084e-03 2.783219652806438376e+02
2.876238536338259540e-03 2.762605643241181497e+02
3.060656568188345038e-03 2.742029628431383799e+02
3.256899074970453188e-03 2.717081450918627752e+02
3.465724215775731806e-03 2.686526464329714941e+02
3.687938761173702607e-03 2.650785258696524807e+02
3.692137025850564160e-03 2.650090539388401112e+02
3.924401210072378000e-03 2.608033891183675337e+02
4.176025106424528788e-03 2.571245951601539446e+02
4.443782568593783455e-03 2.536411919840057863e+02
4.728708045015878915e-03 2.498868417989312434e+02
5.031902310664547462e-03 2.458770148291177691e+02
5.319953494148856911e-03 2.422009607327536287e+02
5.354536719761937569e-03 2.416845329878955226e+02
5.697857731163399539e-03 2.366172628683758035e+02
6.063191723899860087e-03 2.317951259795846681e+02
6.451950121482159968e-03 2.269790657114874648e+02
6.865634844764341611e-03 2.218833849719843272e+02
6.907239499092216253e-03 2.213558537264427173e+02
7.305844114432467548e-03 2.150579668505370137e+02
7.774278625536144502e-03 2.089033192481613241e+02
8.272748117917260932e-03 2.030985029463338662e+02
8.335539233340941503e-03 2.023047878535359132e+02
8.803178367920124966e-03 1.949458022482235720e+02
9.367618628394448754e-03 1.870186150169486723e+02
9.541785145461351841e-03 1.848933583615233829e+02
9.968249545734853348e-03 1.790781263042838418e+02
1.060739158454339012e-02 1.717391225157785186e+02
1.086239595482104206e-02 1.689804493947632977e+02
1.128751399246268050e-02 1.642671852819227638e+02
1.201124433981431289e-02 1.572507335281356404e+02
1.233460150211185616e-02 1.544370902811097039e+02
1.278137867089766157e-02 1.507708637150841184e+02
1.360089230616743153e-02 1.447987808743936284e+02
1.417179729403106325e-02 1.411454102526180634e+02
1.447295133702291084e-02 1.394248793766277856e+02
1.540092485761755670e-02 1.345450549577712991e+02
1.638839798094504988e-02 1.301952123999884634e+02
1.667821727111327285e-02 1.289976831285628123e+02
1.743918568948799042e-02 1.262481332068263669e+02
1.855734757393931109e-02 1.226113682995891168e+02
1.974720351693796255e-02 1.192465341068715361e+02
2.024633808125394369e-02 1.178954542181328975e+02
2.101335038241074898e-02 1.159291578624885659e+02
2.236067977499789708e-02 1.127001275150225581e+02
2.379439693817344756e-02 1.096811669538270593e+02
2.482558276989698526e-02 1.077487423665383801e+02
2.532004086407122281e-02 1.068051475405170265e+02
2.694350569270829304e-02 1.039422643368974519e+02
2.867106348327896209e-02 1.011848061836219443e+02
3.048473836675937021e-02 9.847531067728830578e+01
3.050938844549386242e-02 9.843256428205661734e+01
3.246558272457850114e-02 9.499630632500172567e+01
3.454720383954873464e-02 9.181115459106095500e+01
3.582662345493586170e-02 9.000000000000002842e+01
3.676229388076775878e-02 8.829074328120441351e+01
3.911941057958532447e-02 8.424224582913969073e+01
4.035610083041799023e-02 8.225411978180365224e+01
4.162766037009365400e-02 7.856995314390800900e+01
4.285649599646360053e-02 7.517489134532560513e+01
4.281357508635814935e-02 6.870493908113871839e+01
4.162766037009366094e-02 6.543453873970861423e+01
4.052017510542565981e-02 6.279182543090561808e+01
3.911941057958532447e-02 6.078667982136799708e+01
3.676229388076775878e-02 5.774545302393401869e+01
3.645867128291404441e-02 5.738762589235351896e+01
3.454720383954873464e-02 5.548867486833331952e+01
3.246558272457850114e-02 5.356643693910646675e+01
3.115636616679307719e-02 5.244854060158868947e+01
3.050938844549386589e-02 5.190877240214362587e+01
2.867106348327896209e-02 5.046974105076457562e+01
2.694350569270828957e-02 4.917431992646476857e+01
2.532004086407122281e-02 4.801371350501956670e+01
2.520241704343946162e-02 4.793453934470965550e+01
2.379439693817344409e-02 4.692407505498231046e+01
2.236067977499789708e-02 4.591362562942885006e+01
2.101335038241074898e-02 4.501445808129079040e+01
1.974720351693796255e-02 4.426372055675813044e+01
1.884830263979188347e-02 4.380903712161474317e+01
1.855734757393931109e-02 4.364362650479863959e+01
1.743918568948799042e-02 4.299799604007161236e+01
1.638839798094504988e-02 4.228981411436247129e+01
1.540092485761755670e-02 4.162988297949006977e+01
1.447295133702291084e-02 4.108270436292832528e+01
1.360089230616743153e-02 4.063068814624131164e+01
1.278137867089766157e-02 4.025259526664830645e+01
1.231404616641780872e-02 4.003859763251980297e+01
1.201124433981431115e-02 3.987487218597736671e+01
1.128751399246268050e-02 3.944655644998563560e+01
1.060739158454339012e-02 3.903280880069423375e+01
9.968249545734853348e-03 3.867453135953523002e+01
9.367618628394448754e-03 3.836752815905997238e+01
8.803178367920124966e-03 3.809299700982661818e+01
8.272748117917260932e-03 3.782559266494192229e+01
7.774278625536144502e-03 3.756180053051718915e+01
7.305844114432467548e-03 3.735961196756984748e+01
6.865634844764341611e-03 3.725409864375720304e+01
6.451950121482159968e-03 3.717524098377081998e+01
6.063191723899860087e-03 3.705170063363785005e+01
5.697857731163399539e-03 3.686509271442164248e+01
5.354536719761937569e-03 3.662390272980802308e+01
5.304178365450586997e-03 3.659266228400803556e+01
5.031902310664547462e-03 3.638839920509765591e+01
4.728708045015878915e-03 3.626511683068700620e+01
4.443782568593783455e-03 3.619118580319226908e+01
4.176025106424528788e-03 3.610101867145215238e+01
3.924401210072378000e-03 3.602416052028390681e+01
3.687938761173703041e-03 3.598950314206866352e+01
3.465724215775731372e-03 3.593187856666779822e+01
3.256899074970453188e-03 3.580392904751901284e+01
3.060656568188345038e-03 3.578972722819972319e+01
2.876238536338259540e-03 3.598236736312078676e+01
2.702932502751866084e-03 3.602760867821661606e+01
2.540068920616556872e-03 3.588778508435562031e+01
2.387018586262662414e-03 3.607096757992025715e+01
2.306740517313814014e-03 3.659266228400804266e+01
2.243190208311491261e-03 3.703038408420429306e+01
2.108028123292898098e-03 3.791165644111452337e+01
1.981010148906960609e-03 3.837876686623506117e+01
1.861645566636069326e-03 3.866288470672725452e+01
1.749473225913544903e-03 3.886099566206517153e+01
1.644059762524425128e-03 3.903413851117659306e+01
1.544997924355453502e-03 3.928582115867654068e+01
1.451904998026006628e-03 3.960928130598645680e+01
1.364421330321418432e-03 3.994265517383541209e+01
1.337746404414140314e-03 4.003859763251980297e+01
1.282208938716473436e-03 4.025326957371832748e+01
1.204950205620965989e-03 4.057031960645846169e+01
1.132346651302714672e-03 4.099896570674550844e+01
1.064117780747373277e-03 4.156521065125527059e+01
1.000000000000000021e-03 4.216334407311963872e+01
1.000000000000000021e-03 7.293345248457441812e+03
1.064117780747373277e-03 7.306035788976042568e+03
1.132346651302714889e-03 7.318029740565630163e+03
1.204950205620965989e-03 7.329352477962173907e+03
1.282208938716473219e-03 7.340021322589034753e+03
1.364421330321418649e-03 7.350058297894424868e+03
1.451904998026006628e-03 7.359534765273779158e+03
1.544997924355453502e-03 7.368523176714373221e+03
1.644059762524425344e-03 7.377023400883497743e+03
1.749473225913544903e-03 7.385022331471919642e+03
1.861645566636069109e-03 7.392566529508520944e+03
